   6.7839630e+02
   7.0977827e+02
   6.6438203e+02
   6.4834640e+02
   7.2503267e+02
   5.9829884e+02
   6.6686331e+02
   6.3964563e+02
   6.4468644e+02
   7.6883066e+02
   6.1705471e+02
   6.7990031e+02
   6.0675856e+02
   5.7079934e+02
   6.1341846e+02
   5.6674228e+02
   6.8967648e+02
   7.0266931e+02
   6.5025906e+02
   7.3729432e+02
   6.2148925e+02
   5.8099845e+02
   5.4278151e+02
   7.1753675e+02
   7.0284487e+02
   7.3282773e+02
   6.1687027e+02
   6.9097614e+02
   7.7595150e+02
   5.7803498e+02
   6.7682228e+02
   5.6951301e+02
   5.7867655e+02
   6.8122435e+02
   6.2288716e+02
   7.6453072e+02
   5.6361228e+02
   6.8802797e+02
   5.7548015e+02
   5.3445969e+02
   6.6060861e+02
   6.2289719e+02
   7.5223412e+02
   6.5676016e+02
   5.5941202e+02
   6.9833697e+02
   5.7709849e+02
   7.4490233e+02
   6.7038524e+02
   6.6989576e+02
