   10 15
   9.5012929e-01   6.1543235e-01   5.7891305e-02   1.5273927e-02   8.3811845e-01   1.9343116e-01   4.9655245e-01   7.2711322e-01   7.9482108e-01   1.3651874e-01   5.8279168e-01   2.0906940e-01   4.1537486e-01   2.1396333e-01   6.8333232e-01
   2.3113851e-01   7.9193704e-01   3.5286813e-01   7.4678568e-01   1.9639514e-02   6.8222322e-01   8.9976918e-01   3.0929016e-01   9.5684345e-01   1.1756687e-02   4.2349626e-01   3.7981837e-01   3.0499868e-01   6.4349229e-01   2.1255986e-01
   6.0684258e-01   9.2181297e-01   8.1316650e-01   4.4509643e-01   6.8127716e-01   3.0276440e-01   8.2162916e-01   8.3849604e-01   5.2259035e-01   8.9389797e-01   5.1551175e-01   7.8332865e-01   8.7436717e-01   3.2003558e-01   8.3923824e-01
   4.8598247e-01   7.3820725e-01   9.8613007e-03   9.3181458e-01   3.7948102e-01   5.4167385e-01   6.4491038e-01   5.6807246e-01   8.8014221e-01   1.9913807e-01   3.3395148e-01   6.8084575e-01   1.5009499e-02   9.6009860e-01   6.2878460e-01
   8.9129897e-01   1.7626614e-01   1.3889088e-01   4.6599434e-01   8.3179602e-01   1.5087298e-01   8.1797434e-01   3.7041356e-01   1.7295614e-01   2.9872301e-01   4.3290660e-01   4.6109513e-01   7.6795039e-01   7.2663177e-01   1.3377275e-01
   7.6209683e-01   4.0570621e-01   2.0276522e-01   4.1864947e-01   5.0281288e-01   6.9789848e-01   6.6022756e-01   7.0273991e-01   9.7974690e-01   6.6144258e-01   2.2594987e-01   5.6782871e-01   9.7084494e-01   4.1195321e-01   2.0713273e-01
   4.5646767e-01   9.3546970e-01   1.9872174e-01   8.4622142e-01   7.0947139e-01   3.7837300e-01   3.4197062e-01   5.4657115e-01   2.7144726e-01   2.8440859e-01   5.7980687e-01   7.9421065e-01   9.9008259e-01   7.4456578e-01   6.0719894e-01
   1.8503643e-02   9.1690444e-01   6.0379248e-01   5.2515250e-01   4.2889237e-01   8.6001160e-01   2.8972590e-01   4.4488020e-01   2.5232935e-01   4.6922429e-01   7.6036501e-01   5.9182593e-02   7.8886169e-01   2.6794725e-01   6.2988785e-01
   8.2140716e-01   4.1027021e-01   2.7218792e-01   2.0264736e-01   3.0461737e-01   8.5365513e-01   3.4119357e-01   6.9456724e-01   8.7574190e-01   6.4781123e-02   5.2982312e-01   6.0286909e-01   4.3865853e-01   4.3992431e-01   3.7047683e-01
   4.4470336e-01   8.9364953e-01   1.9881427e-01   6.7213747e-01   1.8965375e-01   5.9356291e-01   5.3407902e-01   6.2131013e-01   7.3730599e-01   9.8833494e-01   6.4052650e-01   5.0268804e-02   4.9831130e-01   9.3338011e-01   5.7514778e-01
   48.7789
   51.7759
   75.6555
   62.8232
   49.7039
   63.9059
   68.3474
   54.1923
   54.5300
   69.5317
     1
     2
     0
     4
     0
     6
     7
     8
     9
    10
    11
    12
    13
    14
    15
