3.000000 2.500000 1
24.500000 3.500000 1
5.000000 9.500000 1
25.500000 12.000000 1
14.500000 10.500000 1
26.000000 9.500000 1
17.000000 0.000000 1
32.500000 12.000000 2
6.500000 11.000000 1
24.500000 13.000000 1
24.500000 13.000000 1
24.000000 1.500000 1
23.000000 19.000000 1
25.000000 7.500000 1
6.500000 14.000000 1
13.000000 24.500000 1
21.500000 28.000000 1
18.000000 17.500000 1
32.000000 14.000000 2
53.500000 22.000000 2
34.000000 14.000000 2
53.500000 13.500000 2
52.500000 24.500000 2
44.000000 7.500000 2
46.500000 24.000000 2
53.500000 30.500000 1002
56.000000 24.500000 2
60.000000 8.000000 3
54.000000 26.000000 2
38.000000 8.500000 2
53.500000 4.000000 2
53.500000 22.000000 2
33.000000 9.500000 2
56.000000 14.000000 2
45.000000 2.500000 2
41.500000 18.500000 2
60.000000 9.000000 3
45.500000 25.000000 2
37.500000 28.500000 2
44.000000 26.000000 2
61.500000 13.000000 3
84.000000 6.500000 3
86.000000 9.500000 3
74.500000 8.500000 3
83.000000 5.500000 3
73.000000 22.500000 3
65.000000 5.500000 3
65.500000 23.000000 3
64.500000 9.500000 3
86.500000 18.500000 3
80.500000 26.000000 3
88.000000 20.500000 3
65.500000 30.000000 1003
84.500000 2.000000 3
85.000000 6.500000 3
90.000000 8.000000 4
73.500000 25.000000 3
75.500000 5.500000 3
73.500000 28.500000 3
64.000000 18.000000 3
119.000000 16.500000 4
113.500000 15.500000 4
115.000000 23.000000 4
104.000000 4.000000 4
104.500000 26.500000 4
117.000000 28.000000 4
106.500000 6.500000 4
95.500000 6.000000 4
96.000000 9.500000 4
115.000000 17.500000 4
100.000000 2.500000 4
110.000000 26.000000 4
92.500000 20.000000 4
114.000000 19.500000 4
113.000000 3.000000 4
115.500000 1.500000 4
104.000000 1.000000 4
106.500000 29.500000 4
107.500000 17.500000 4
102.500000 29.500000 4
107.000000 23.500000 4
94.000000 14.000000 4
94.000000 9.000000 4
124.500000 27.500000 5
144.500000 28.500000 5
146.000000 29.500000 5
146.000000 29.500000 5
135.000000 30.000000 1005
142.500000 28.500000 5
125.000000 14.000000 5
135.000000 29.500000 5
127.500000 8.000000 5
147.000000 29.000000 5
125.000000 8.500000 5
134.500000 25.500000 5
141.500000 20.500000 5
126.000000 12.500000 5
145.000000 3.000000 5
145.000000 3.000000 5
146.000000 3.500000 5
136.500000 12.000000 5
147.500000 28.500000 5
128.000000 26.500000 5
134.500000 29.500000 5
138.000000 24.000000 5
133.500000 4.000000 5
123.500000 3.000000 5
128.500000 26.000000 5
175.000000 11.000000 6
173.000000 0.000000 6
174.500000 29.500000 6
176.500000 11.000000 6
162.500000 24.500000 6
154.000000 10.500000 6
155.000000 9.000000 6
177.000000 30.000000 1006
162.500000 13.000000 6
176.000000 16.500000 6
168.500000 19.500000 6
154.000000 20.000000 6
176.000000 5.000000 6
174.500000 11.000000 6
182.000000 18.500000 7
166.500000 11.000000 6
164.000000 17.500000 6
166.000000 4.000000 6
163.000000 23.000000 6
156.500000 21.500000 6
175.500000 5.500000 6
159.000000 30.000000 1006
203.000000 20.000000 7
206.500000 18.500000 7
210.000000 13.500000 8
196.500000 14.500000 7
185.000000 9.500000 7
186.000000 11.000000 7
193.000000 24.000000 7
184.000000 9.000000 7
207.500000 20.000000 7
207.000000 21.500000 7
183.000000 13.500000 7
206.000000 24.000000 7
205.500000 5.000000 7
197.000000 10.000000 7
193.000000 13.000000 7
194.000000 28.500000 7
192.500000 22.500000 7
187.500000 20.500000 7
234.000000 1.500000 8
236.000000 23.500000 8
225.000000 22.000000 8
215.000000 13.000000 8
216.000000 9.500000 8
224.000000 24.500000 8
224.000000 24.500000 8
214.000000 10.500000 8
233.000000 22.500000 8
235.000000 12.500000 8
214.000000 10.500000 8
234.000000 18.000000 8
242.500000 18.500000 9
220.500000 19.000000 8
228.000000 16.500000 8
235.000000 28.500000 8
223.000000 10.000000 8
223.500000 29.000000 8
223.500000 25.000000 8
217.500000 6.500000 8
214.500000 28.500000 8
253.500000 9.500000 9
265.500000 28.000000 9
254.500000 4.000000 9
244.000000 24.500000 9
245.500000 4.500000 9
244.500000 10.000000 9
256.000000 4.500000 9
246.000000 18.500000 9
265.000000 20.000000 9
264.000000 15.000000 9
265.000000 19.000000 9
267.500000 24.000000 9
243.500000 13.000000 9
266.000000 8.500000 9
253.000000 6.000000 9
259.000000 23.000000 9
266.000000 5.500000 9
272.500000 5.000000 10
244.000000 12.000000 9
244.000000 5.500000 9
285.000000 19.500000 10
295.000000 18.500000 10
274.500000 17.500000 10
275.000000 11.000000 10
275.000000 2.500000 10
286.000000 30.000000 1010
274.000000 9.500000 10
296.500000 20.000000 10
294.500000 15.500000 10
301.000000 20.000000 11
291.500000 29.500000 10
279.500000 6.000000 10
272.500000 16.500000 10
282.500000 13.000000 10
287.500000 11.000000 10
295.000000 10.000000 10
288.500000 0.500000 10
281.000000 23.500000 10
281.000000 23.500000 10
275.500000 16.000000 10
324.500000 8.500000 11
319.000000 4.000000 11
313.500000 10.500000 11
325.000000 20.000000 11
304.000000 26.500000 11
304.500000 6.500000 11
305.500000 16.000000 11
305.000000 14.500000 11
314.500000 29.000000 11
328.000000 18.500000 11
324.000000 23.500000 11
325.000000 22.000000 11
309.000000 6.000000 11
307.500000 19.000000 11
303.000000 11.500000 11
315.500000 14.000000 11
304.500000 10.000000 11
304.000000 28.500000 11
3.000000 52.000000 1001
24.000000 33.000000 1001
6.500000 39.000000 1001
15.000000 33.000000 1001
23.500000 42.500000 1001
25.500000 39.500000 1001
16.500000 31.500000 1001
16.000000 59.500000 1001
6.500000 42.000000 1001
28.000000 43.000000 1001
28.000000 43.000000 1001
25.000000 31.500000 1001
25.500000 49.500000 1001
25.500000 37.500000 1001
6.000000 43.500000 1001
14.000000 55.000000 1001
19.000000 56.500000 1001
14.500000 47.500000 1001
5.500000 41.500000 1001
54.000000 44.000000 1002
54.500000 54.500000 1002
44.500000 30.000000 1002
36.000000 44.000000 1002
45.000000 60.000000 2002
57.000000 59.500000 1002
44.000000 54.000000 1002
32.500000 43.000000 1002
59.500000 54.500000 1002
61.500000 38.000000 1003
53.500000 56.000000 1002
39.500000 38.500000 1002
56.000000 52.500000 1002
54.500000 34.000000 1002
35.000000 39.000000 1002
56.500000 44.000000 1002
42.500000 49.000000 1002
47.000000 55.000000 1002
41.000000 58.000000 1002
43.500000 56.000000 1002
35.500000 44.500000 1002
84.500000 37.000000 1003
84.500000 57.500000 1003
83.000000 40.000000 1003
75.000000 31.000000 1003
86.500000 34.500000 1003
76.000000 52.500000 1003
64.500000 44.500000 1003
65.500000 44.500000 1003
64.500000 40.500000 1003
90.000000 48.500000 1004
80.000000 56.000000 1003
91.000000 51.000000 1004
90.500000 51.000000 1004
67.500000 59.500000 1003
85.000000 32.000000 1003
86.000000 36.000000 1003
73.500000 55.500000 1003
66.500000 39.000000 1003
77.000000 35.500000 1003
74.500000 55.500000 1003
73.000000 58.500000 1003
65.000000 43.500000 1003
114.000000 46.000000 1004
112.000000 53.500000 1004
105.000000 56.500000 1004
120.000000 58.500000 1005
106.000000 38.000000 1004
95.000000 45.000000 1004
96.000000 40.500000 1004
118.500000 47.500000 1004
101.500000 32.500000 1004
109.500000 56.000000 1004
116.500000 50.000000 1004
113.500000 34.000000 1004
116.500000 31.000000 1004
96.500000 38.000000 1004
104.000000 47.500000 1004
103.500000 60.000000 2004
106.500000 53.500000 1004
97.500000 44.500000 1004
95.500000 40.500000 1004
124.000000 50.000000 1005
145.000000 59.000000 1005
143.000000 60.000000 2005
143.000000 60.000000 2005
146.000000 57.500000 1005
124.500000 53.000000 1005
134.500000 57.500000 1005
127.500000 39.000000 1005
150.500000 59.000000 1006
126.500000 38.500000 1005
134.000000 55.500000 1005
144.000000 51.000000 1005
124.500000 43.500000 1005
146.000000 32.500000 1005
146.000000 32.500000 1005
146.000000 33.000000 1005
151.000000 58.000000 1006
136.500000 44.000000 1005
131.500000 56.000000 1005
134.000000 59.500000 1005
133.500000 34.000000 1005
139.000000 54.500000 1005
130.000000 57.500000 1005
174.500000 40.500000 1006
171.500000 60.000000 2006
179.500000 41.500000 1006
162.500000 54.500000 1006
153.500000 49.500000 1006
165.000000 31.500000 1006
164.500000 59.500000 1006
155.000000 40.000000 1006
180.500000 60.000000 2007
164.000000 43.000000 1006
175.500000 46.500000 1006
171.000000 50.000000 1006
156.000000 49.500000 1006
177.000000 34.500000 1006
174.500000 40.500000 1006
166.500000 43.000000 1006
163.500000 47.500000 1006
166.000000 34.000000 1006
164.000000 53.500000 1006
156.000000 49.500000 1006
179.000000 36.000000 1006
202.500000 49.500000 1007
203.500000 49.000000 1007
196.500000 44.500000 1007
184.500000 48.500000 1007
186.000000 42.000000 1007
192.500000 52.000000 1007
185.500000 39.000000 1007
211.000000 50.000000 1008
206.500000 51.500000 1007
185.000000 43.000000 1007
206.000000 53.500000 1007
206.500000 34.500000 1007
185.500000 48.000000 1007
197.000000 42.000000 1007
192.500000 43.000000 1007
193.500000 58.500000 1007
193.500000 53.000000 1007
189.000000 52.000000 1007
234.000000 31.500000 1008
233.000000 54.000000 1008
214.500000 44.000000 1008
225.000000 52.000000 1008
214.500000 52.000000 1008
216.000000 40.500000 1008
223.500000 52.500000 1008
223.500000 52.500000 1008
215.500000 40.500000 1008
232.500000 52.500000 1008
238.500000 42.500000 1008
212.500000 41.500000 1008
234.500000 49.000000 1008
224.000000 48.500000 1008
228.000000 48.500000 1008
236.500000 58.500000 1008
223.000000 59.000000 1008
222.500000 40.000000 1008
224.500000 55.500000 1008
221.000000 37.000000 1008
216.000000 58.500000 1008
253.500000 39.500000 1009
262.500000 58.500000 1009
255.000000 34.000000 1009
245.500000 53.000000 1009
246.000000 34.000000 1009
244.000000 49.000000 1009
255.500000 36.000000 1009
247.500000 48.500000 1009
264.500000 50.000000 1009
266.500000 45.500000 1009
268.500000 49.000000 1009
266.000000 53.000000 1009
242.000000 44.000000 1009
266.500000 38.500000 1009
254.500000 36.000000 1009
246.000000 48.000000 1009
259.000000 55.000000 1009
267.000000 35.000000 1009
272.000000 35.000000 1010
243.500000 42.000000 1009
252.500000 58.500000 1009
245.500000 35.500000 1009
285.500000 49.500000 1010
292.000000 49.000000 1010
276.000000 46.000000 1010
274.500000 50.000000 1010
276.500000 33.500000 1010
285.500000 58.000000 1010
275.500000 39.500000 1010
296.000000 50.000000 1010
297.000000 46.000000 1010
301.000000 49.500000 1011
292.000000 59.500000 1010
281.000000 36.000000 1010
286.000000 42.500000 1010
274.500000 46.000000 1010
287.500000 43.000000 1010
288.500000 30.500000 1010
296.000000 39.500000 1010
288.000000 60.500000 2010
281.500000 54.500000 1010
281.500000 54.500000 1010
273.500000 46.500000 1010
324.000000 37.500000 1011
319.000000 34.000000 1011
314.000000 33.000000 1011
305.500000 55.000000 1011
322.000000 50.500000 1011
304.000000 45.500000 1011
305.500000 47.000000 1011
304.000000 45.000000 1011
314.000000 57.000000 1011
326.500000 54.000000 1011
327.500000 48.500000 1011
325.500000 52.000000 1011
310.500000 36.000000 1011
311.000000 48.500000 1011
305.000000 41.000000 1011
314.000000 59.500000 1011
313.000000 42.500000 1011
302.500000 40.000000 1011
314.000000 32.500000 1011
305.500000 58.500000 1011
2.500000 70.500000 2001
24.500000 63.500000 2001
24.500000 84.000000 2001
6.000000 68.500000 2001
15.500000 63.000000 2001
26.000000 71.500000 2001
29.000000 68.500000 2001
32.500000 73.000000 2002
6.500000 72.000000 2001
28.000000 72.500000 2001
28.000000 72.500000 2001
23.500000 69.500000 2001
26.000000 61.000000 2001
24.000000 78.500000 2001
26.000000 68.500000 2001
4.000000 74.500000 2001
24.000000 60.500000 2001
26.500000 89.000000 2001
13.500000 84.500000 2001
21.500000 87.500000 2001
14.000000 77.500000 2001
53.500000 71.500000 2002
34.000000 63.500000 2002
53.000000 90.000000 3002
33.500000 82.000000 2002
54.000000 64.500000 2002
52.500000 85.000000 2002
35.500000 73.500000 2002
60.000000 90.000000 3003
47.000000 84.000000 2002
59.500000 84.000000 2002
60.500000 68.500000 2003
38.500000 69.000000 2002
53.500000 86.500000 2002
51.000000 62.000000 2002
54.500000 81.500000 2002
55.500000 63.500000 2002
34.500000 68.500000 2002
57.000000 75.000000 2002
45.000000 62.500000 2002
42.000000 78.500000 2002
43.500000 85.000000 2002
45.500000 88.500000 2002
43.000000 86.500000 2002
34.500000 75.500000 2002
85.000000 70.000000 2003
75.500000 61.000000 2003
65.000000 78.000000 2003
89.500000 65.000000 2003
75.500000 84.000000 2003
64.500000 66.000000 2003
66.500000 74.500000 2003
64.500000 70.500000 2003
90.000000 78.000000 2004
80.000000 86.500000 2003
89.000000 80.000000 2003
67.000000 89.000000 2003
85.500000 63.000000 2003
87.500000 66.000000 2003
76.000000 84.000000 2003
70.000000 68.500000 2003
73.500000 65.500000 2003
74.000000 85.000000 2003
72.500000 89.000000 2003
64.000000 74.500000 2003
119.000000 66.000000 2004
118.500000 84.500000 2004
114.000000 66.500000 2004
114.000000 83.500000 2004
104.000000 87.000000 2004
95.000000 66.500000 2004
105.500000 66.000000 2004
96.000000 70.500000 2004
118.500000 77.000000 2004
100.500000 63.000000 2004
109.500000 86.500000 2004
115.000000 79.000000 2004
93.000000 80.500000 2004
113.500000 63.500000 2004
118.000000 61.000000 2004
106.500000 61.500000 2004
104.000000 90.000000 3004
100.000000 67.500000 2004
103.500000 77.500000 2004
103.000000 89.500000 2004
106.000000 84.000000 2004
96.500000 75.500000 2004
93.000000 70.000000 2004
145.000000 79.500000 2005
145.000000 90.000000 3005
145.000000 90.000000 3005
134.000000 60.500000 2005
149.000000 88.000000 2005
124.500000 89.000000 2005
124.500000 74.500000 2005
135.500000 88.500000 2005
127.500000 69.000000 2005
150.500000 88.500000 2006
125.500000 69.000000 2005
134.000000 86.000000 2005
142.500000 80.000000 2005
126.500000 73.000000 2005
146.500000 71.000000 2005
147.500000 62.500000 2005
147.500000 62.500000 2005
146.500000 63.000000 2005
136.000000 86.500000 2005
134.000000 72.500000 2005
136.000000 89.000000 2005
133.000000 64.000000 2005
138.500000 84.000000 2005
127.500000 87.000000 2005
126.000000 64.500000 2005
175.000000 71.000000 2006
163.000000 84.000000 2006
153.500000 71.000000 2006
155.000000 70.000000 2006
163.000000 73.500000 2006
180.500000 89.500000 2007
175.500000 77.000000 2006
169.500000 79.000000 2006
155.500000 79.000000 2006
178.500000 64.500000 2006
155.500000 88.500000 2006
164.000000 71.500000 2006
165.500000 64.000000 2006
165.500000 77.000000 2006
163.500000 83.000000 2006
157.500000 81.000000 2006
178.000000 67.000000 2006
158.000000 61.000000 2006
163.500000 90.500000 3006
203.000000 80.000000 2007
205.500000 79.000000 2007
184.000000 72.000000 2007
197.000000 74.000000 2007
184.500000 70.000000 2007
186.000000 72.000000 2007
193.500000 83.000000 2007
184.500000 69.500000 2007
211.000000 79.500000 2008
206.500000 82.000000 2007
184.500000 72.500000 2007
206.500000 83.500000 2007
190.000000 78.500000 2007
208.000000 64.500000 2007
194.500000 70.500000 2007
193.000000 89.000000 2007
194.500000 72.500000 2007
193.000000 82.500000 2007
186.500000 81.500000 2007
233.500000 61.000000 2008
235.000000 84.000000 2008
216.000000 72.500000 2008
225.500000 81.500000 2008
214.500000 73.500000 2008
216.000000 70.500000 2008
224.500000 83.500000 2008
224.500000 83.500000 2008
214.500000 71.000000 2008
232.500000 83.000000 2008
238.500000 72.000000 2008
214.500000 71.000000 2008
234.500000 78.500000 2008
228.500000 79.000000 2008
225.500000 77.000000 2008
238.500000 88.000000 2008
222.500000 89.500000 2008
224.500000 69.500000 2008
224.000000 85.000000 2008
220.000000 68.000000 2008
216.000000 87.500000 2008
253.000000 69.000000 2009
264.500000 88.500000 2009
254.000000 64.500000 2009
254.500000 84.000000 2009
247.500000 65.000000 2009
244.000000 70.500000 2009
255.000000 64.000000 2009
246.500000 79.000000 2009
264.500000 80.500000 2009
265.000000 74.500000 2009
265.500000 82.500000 2009
268.500000 78.500000 2009
244.000000 73.500000 2009
267.000000 69.500000 2009
254.000000 65.500000 2009
250.500000 78.500000 2009
256.500000 83.500000 2009
268.500000 65.000000 2009
253.500000 62.000000 2009
245.500000 71.500000 2009
253.000000 89.500000 2009
243.500000 66.000000 2009
284.500000 80.000000 2010
294.000000 79.000000 2010
285.000000 77.000000 2010
274.500000 71.500000 2010
275.000000 62.000000 2010
274.500000 70.000000 2010
286.500000 89.000000 2010
295.500000 75.000000 2010
296.000000 80.500000 2010
299.000000 78.000000 2010
280.500000 65.500000 2010
290.500000 73.000000 2010
274.000000 75.500000 2010
285.000000 71.500000 2010
297.500000 69.500000 2010
274.000000 64.500000 2010
282.500000 85.000000 2010
282.500000 85.000000 2010
275.000000 76.500000 2010
324.000000 67.500000 2011
318.500000 63.500000 2011
314.500000 63.000000 2011
314.500000 86.000000 2011
324.000000 80.500000 2011
304.000000 67.000000 2011
305.500000 77.000000 2011
304.500000 74.500000 2011
315.000000 88.000000 2011
325.000000 83.000000 2011
327.500000 79.000000 2011
317.500000 69.000000 2011
326.000000 83.000000 2011
310.000000 65.500000 2011
315.500000 79.000000 2011
304.500000 70.500000 2011
313.500000 90.000000 3011
315.500000 73.500000 2011
306.000000 70.500000 2011
315.000000 63.000000 2011
305.500000 87.500000 2011
3.500000 100.500000 3001
6.000000 98.500000 3001
14.500000 93.500000 3001
23.500000 101.500000 3001
32.000000 99.000000 3002
17.000000 90.500000 3001
8.000000 102.500000 3001
26.000000 101.000000 3001
26.000000 101.000000 3001
24.500000 100.500000 3001
23.500000 108.000000 3001
27.500000 91.000000 3001
26.000000 98.000000 3001
6.000000 104.000000 3001
14.000000 114.500000 3001
20.000000 117.500000 3001
16.000000 107.000000 3001
54.000000 120.000000 4002
34.500000 112.000000 3002
54.000000 111.500000 3002
55.000000 114.000000 3002
44.000000 90.500000 3002
35.500000 103.500000 3002
46.500000 115.500000 3002
34.000000 103.500000 3002
57.500000 112.500000 3002
61.000000 98.000000 3003
39.000000 98.500000 3002
53.000000 116.000000 3002
52.000000 93.000000 3002
54.000000 111.000000 3002
57.000000 93.500000 3002
32.500000 99.500000 3002
57.000000 104.500000 3002
47.500000 91.000000 3002
50.500000 118.500000 3002
42.500000 108.500000 3002
43.000000 115.000000 3002
43.000000 116.500000 3002
84.500000 104.500000 3003
83.000000 100.500000 3003
74.500000 91.500000 3003
65.000000 108.000000 3003
64.500000 120.500000 4003
75.000000 112.000000 3003
65.500000 96.000000 3003
66.000000 103.000000 3003
66.000000 101.000000 3003
88.000000 106.500000 3003
79.500000 116.000000 3003
88.500000 109.500000 3003
65.000000 120.000000 4003
85.500000 92.500000 3003
89.500000 95.500000 3003
76.000000 116.000000 3003
74.500000 99.000000 3003
73.000000 95.500000 3003
74.500000 115.000000 3003
72.500000 119.000000 3003
69.500000 104.000000 3003
119.500000 114.500000 3004
114.000000 113.500000 3004
112.000000 114.000000 3004
104.000000 117.000000 3004
94.500000 98.500000 3004
94.000000 95.500000 3004
96.000000 96.500000 3004
106.500000 97.000000 3004
97.500000 101.000000 3004
116.500000 105.500000 3004
101.000000 92.500000 3004
109.000000 116.000000 3004
114.500000 108.500000 3004
92.500000 110.000000 3004
114.000000 101.000000 3004
120.000000 90.500000 3005
104.500000 98.000000 3004
105.500000 107.000000 3004
103.500000 119.500000 3004
106.000000 114.000000 3004
102.000000 105.000000 3004
94.500000 100.000000 3004
124.000000 99.500000 3005
123.500000 118.000000 3005
143.000000 120.500000 4005
143.000000 120.500000 4005
134.000000 90.500000 3005
126.000000 117.500000 3005
125.500000 104.500000 3005
134.500000 118.500000 3005
129.000000 99.500000 3005
148.500000 117.000000 3005
126.000000 98.500000 3005
133.500000 115.500000 3005
142.000000 109.500000 3005
126.000000 102.500000 3005
147.000000 100.500000 3005
149.500000 92.000000 3005
149.500000 92.000000 3005
141.000000 116.500000 3005
136.500000 103.500000 3005
132.500000 94.500000 3005
134.000000 119.000000 3005
139.000000 114.000000 3005
129.000000 117.000000 3005
131.500000 94.000000 3005
175.000000 91.500000 3006
173.500000 90.000000 3006
153.500000 118.500000 3006
164.500000 115.000000 3006
154.500000 101.000000 3006
165.500000 90.500000 3006
156.500000 100.500000 3006
163.500000 103.000000 3006
178.500000 118.000000 3006
175.000000 106.500000 3006
169.000000 108.500000 3006
153.500000 110.000000 3006
172.000000 101.000000 3006
180.500000 94.000000 3007
160.500000 118.500000 3006
166.500000 102.500000 3006
165.000000 94.500000 3006
163.500000 107.000000 3006
164.000000 113.000000 3006
155.000000 110.500000 3006
164.000000 120.500000 4006
203.000000 100.500000 3007
203.500000 109.500000 3007
185.500000 100.500000 3007
198.500000 105.000000 3007
185.500000 100.000000 3007
187.500000 102.500000 3007
192.500000 113.000000 3007
185.000000 99.000000 3007
209.000000 108.000000 3007
206.000000 111.500000 3007
182.500000 103.500000 3007
195.000000 108.500000 3007
206.000000 114.000000 3007
210.000000 94.000000 3008
197.000000 101.500000 3007
193.000000 119.000000 3007
192.500000 102.500000 3007
193.500000 112.500000 3007
188.000000 111.500000 3007
183.500000 96.500000 3007
234.000000 91.500000 3008
234.000000 112.000000 3008
233.000000 114.500000 3008
225.000000 103.500000 3008
227.000000 112.500000 3008
215.500000 103.500000 3008
217.500000 101.000000 3008
223.500000 113.500000 3008
223.500000 113.500000 3008
215.000000 100.500000 3008
232.000000 112.500000 3008
236.500000 100.500000 3008
214.000000 100.500000 3008
235.000000 108.500000 3008
233.500000 109.000000 3008
228.000000 108.000000 3008
239.500000 118.500000 3008
222.500000 119.500000 3008
222.500000 99.500000 3008
224.500000 115.000000 3008
225.500000 97.500000 3008
253.500000 99.500000 3009
253.500000 120.000000 4009
262.500000 119.000000 3009
254.000000 94.500000 3009
254.500000 114.000000 3009
246.000000 93.500000 3009
245.000000 100.500000 3009
256.000000 95.000000 3009
247.000000 108.500000 3009
264.500000 104.000000 3009
264.000000 110.000000 3009
266.500000 114.500000 3009
266.500000 107.000000 3009
243.500000 103.000000 3009
267.000000 99.000000 3009
255.500000 95.500000 3009
255.500000 108.500000 3009
259.000000 114.500000 3009
253.000000 92.500000 3009
270.500000 94.500000 3010
272.000000 94.500000 3010
243.500000 101.500000 3009
254.000000 120.000000 4009
245.000000 96.000000 3009
284.500000 110.000000 3010
292.000000 109.500000 3010
285.000000 107.000000 3010
275.500000 101.500000 3010
275.000000 93.000000 3010
275.000000 99.500000 3010
285.500000 119.000000 3010
295.000000 104.500000 3010
295.500000 110.000000 3010
285.000000 99.000000 3010
292.500000 90.500000 3010
292.500000 120.000000 4010
295.500000 103.000000 3010
282.000000 95.500000 3010
272.000000 106.500000 3010
287.500000 102.500000 3010
287.500000 91.000000 3010
299.500000 99.000000 3010
282.000000 114.500000 3010
282.000000 114.500000 3010
275.000000 105.500000 3010
323.500000 97.000000 3011
319.000000 94.000000 3011
319.000000 114.500000 3011
313.500000 93.500000 3011
314.500000 116.000000 3011
322.000000 111.000000 3011
305.000000 97.000000 3011
303.500000 104.500000 3011
307.000000 107.500000 3011
314.000000 118.000000 3011
324.500000 112.500000 3011
327.000000 108.500000 3011
320.500000 109.000000 3011
326.000000 112.500000 3011
311.500000 95.500000 3011
302.500000 101.500000 3011
313.500000 120.000000 4011
314.000000 103.500000 3011
305.000000 101.500000 3011
314.500000 92.500000 3011
305.500000 118.000000 3011
3.000000 130.500000 4001
24.500000 131.000000 4001
6.500000 127.500000 4001
14.500000 123.500000 4001
26.500000 131.500000 4001
4.500000 121.500000 4001
6.000000 150.000000 5001
16.000000 120.500000 4001
32.000000 132.000000 4002
6.000000 131.000000 4001
12.000000 122.000000 4001
12.000000 122.000000 4001
24.000000 131.000000 4001
24.500000 140.000000 4001
29.500000 120.500000 4001
26.500000 128.000000 4001
26.500000 121.000000 4001
8.500000 134.000000 4001
24.000000 149.500000 4001
15.000000 144.500000 4001
20.500000 147.500000 4001
14.000000 137.000000 4001
53.500000 150.000000 5002
34.000000 142.000000 4002
54.500000 134.000000 4002
52.500000 144.000000 4002
44.000000 120.500000 4002
36.000000 132.500000 4002
36.500000 129.500000 4002
46.000000 143.500000 4002
43.500000 133.500000 4002
60.000000 128.000000 4003
38.000000 128.500000 4002
54.000000 146.500000 4002
51.500000 123.500000 4002
55.000000 143.000000 4002
59.000000 123.000000 4002
34.500000 129.000000 4002
57.500000 134.500000 4002
47.500000 123.000000 4002
53.500000 148.000000 4002
45.000000 144.500000 4002
43.500000 138.500000 4002
45.000000 147.500000 4002
85.000000 127.000000 4003
85.500000 129.500000 4003
74.500000 121.500000 4003
65.500000 137.000000 4003
66.000000 149.000000 4003
76.000000 143.000000 4003
65.000000 124.500000 4003
65.500000 134.000000 4003
64.000000 129.500000 4003
74.000000 127.500000 4003
80.500000 146.500000 4003
81.500000 130.000000 4003
89.500000 141.500000 4003
90.500000 141.000000 4004
67.000000 149.500000 4003
86.000000 122.500000 4003
90.500000 126.000000 4004
73.500000 144.500000 4003
79.500000 129.000000 4003
75.000000 125.000000 4003
75.500000 145.000000 4003
74.500000 150.000000 5003
119.000000 144.500000 4004
114.500000 136.000000 4004
114.500000 143.000000 4004
104.500000 146.500000 4004
95.000000 127.500000 4004
95.500000 124.000000 4004
95.500000 125.000000 4004
105.500000 127.000000 4004
95.500000 129.500000 4004
102.500000 126.500000 4004
100.000000 122.500000 4004
115.500000 140.500000 4004
114.500000 130.500000 4004
113.500000 124.000000 4004
121.000000 121.000000 4005
106.500000 121.000000 4004
109.500000 128.000000 4004
103.500000 137.000000 4004
104.500000 149.500000 4004
108.000000 145.000000 4004
92.500000 130.500000 4004
124.500000 148.000000 4005
145.000000 126.500000 4005
145.500000 149.000000 4005
145.500000 149.500000 4005
145.500000 149.500000 4005
134.500000 120.000000 4005
135.000000 148.500000 4005
125.000000 129.000000 4005
125.000000 133.000000 4005
133.500000 149.000000 4005
127.000000 128.000000 4005
134.500000 138.000000 4005
125.000000 128.500000 4005
134.500000 146.000000 4005
143.000000 141.500000 4005
124.000000 133.500000 4005
147.000000 129.500000 4005
150.500000 122.500000 4006
150.500000 122.500000 4006
144.000000 146.000000 4005
146.000000 123.000000 4005
135.000000 133.500000 4005
132.500000 124.500000 4005
137.500000 149.500000 4005
140.000000 144.000000 4005
127.000000 147.500000 4005
175.000000 138.500000 4006
171.500000 120.500000 4006
174.000000 149.500000 4006
155.000000 147.000000 4006
163.000000 143.500000 4006
154.000000 129.500000 4006
164.500000 120.500000 4006
154.500000 129.000000 4006
162.500000 133.000000 4006
164.500000 139.000000 4006
176.000000 137.000000 4006
170.000000 140.500000 4006
155.500000 139.500000 4006
172.000000 130.000000 4006
163.500000 148.000000 4006
181.500000 124.500000 4007
174.500000 130.500000 4006
165.000000 132.500000 4006
165.000000 124.500000 4006
167.000000 137.500000 4006
165.000000 143.000000 4006
156.500000 140.500000 4006
203.000000 147.500000 4007
206.000000 138.500000 4007
194.500000 131.500000 4007
197.000000 133.500000 4007
185.000000 128.500000 4007
185.500000 131.000000 4007
191.500000 143.500000 4007
184.000000 129.000000 4007
195.000000 129.000000 4007
207.000000 142.000000 4007
184.500000 133.000000 4007
198.000000 138.000000 4007
206.000000 143.500000 4007
211.000000 124.500000 4008
195.500000 131.500000 4007
195.000000 150.000000 5007
196.000000 133.000000 4007
194.500000 142.500000 4007
186.000000 142.000000 4007
184.000000 126.500000 4007
235.500000 143.500000 4008
225.000000 133.500000 4008
225.500000 141.000000 4008
215.000000 132.000000 4008
215.500000 129.500000 4008
214.000000 130.500000 4008
222.500000 144.000000 4008
222.500000 144.000000 4008
222.500000 121.500000 4008
212.000000 131.500000 4008
241.500000 134.000000 4009
236.500000 138.500000 4008
234.500000 139.000000 4008
226.500000 138.000000 4008
241.500000 148.500000 4009
226.000000 130.000000 4008
225.500000 145.000000 4008
226.000000 127.500000 4008
265.000000 148.000000 4009
254.500000 124.000000 4009
244.500000 129.000000 4009
246.000000 124.500000 4009
246.000000 138.500000 4009
255.000000 125.000000 4009
265.500000 136.000000 4009
267.500000 144.500000 4009
252.500000 128.000000 4009
267.500000 129.000000 4009
252.000000 125.500000 4009
258.500000 138.000000 4009
257.500000 144.500000 4009
253.000000 122.500000 4009
271.500000 125.000000 4010
247.000000 132.000000 4009
253.500000 149.500000 4009
245.000000 125.000000 4009
285.000000 139.500000 4010
294.500000 138.500000 4010
284.500000 146.000000 4010
275.000000 130.000000 4010
275.000000 123.000000 4010
274.000000 129.500000 4010
284.500000 149.500000 4010
296.000000 136.500000 4010
296.500000 140.500000 4010
293.000000 150.000000 5010
298.500000 132.500000 4010
278.500000 125.500000 4010
274.000000 136.000000 4010
287.500000 121.000000 4010
286.000000 132.500000 4010
300.500000 129.500000 4011
275.500000 125.000000 4010
282.500000 144.500000 4010
282.500000 144.500000 4010
275.000000 136.000000 4010
324.000000 127.500000 4011
324.000000 148.000000 4011
313.500000 123.500000 4011
324.500000 140.000000 4011
304.500000 125.500000 4011
305.500000 134.500000 4011
305.000000 136.000000 4011
313.000000 148.500000 4011
325.500000 144.500000 4011
328.000000 139.000000 4011
306.500000 141.000000 4011
323.500000 138.500000 4011
308.000000 125.500000 4011
326.500000 142.500000 4011
304.500000 131.000000 4011
314.500000 133.500000 4011
310.500000 131.000000 4011
315.000000 122.500000 4011
305.000000 147.000000 4011
4.500000 160.000000 5001
25.000000 153.500000 5001
6.500000 158.500000 5001
15.000000 153.000000 5001
26.000000 163.000000 5001
15.000000 151.000000 5001
2.500000 163.500000 5001
6.500000 162.000000 5001
24.500000 160.500000 5001
25.500000 170.000000 5001
30.500000 151.000000 5002
26.000000 158.500000 5001
3.000000 153.000000 5001
5.000000 163.000000 5001
26.500000 180.500000 6001
14.000000 174.500000 5001
21.500000 177.500000 5001
17.500000 167.500000 5001
55.000000 179.500000 5002
35.500000 171.500000 5002
55.000000 164.000000 5002
55.500000 174.000000 5002
44.500000 150.000000 5002
36.000000 163.500000 5002
38.000000 158.000000 5002
47.000000 174.500000 5002
32.500000 163.000000 5002
33.500000 164.000000 5002
33.500000 164.000000 5002
62.000000 158.000000 5003
40.000000 158.500000 5002
53.000000 176.000000 5002
52.000000 153.000000 5002
56.000000 173.000000 5002
60.000000 153.500000 5003
37.000000 159.000000 5002
57.000000 165.000000 5002
45.000000 151.500000 5002
54.000000 179.000000 5002
43.000000 174.500000 5002
42.500000 168.500000 5002
44.500000 175.500000 5002
85.500000 157.000000 5003
83.000000 159.500000 5003
75.000000 151.000000 5003
65.500000 168.000000 5003
75.000000 180.000000 6003
75.000000 173.000000 5003
64.500000 155.500000 5003
67.500000 164.000000 5003
64.500000 160.500000 5003
65.000000 175.500000 5003
79.500000 176.000000 5003
90.500000 171.500000 5004
82.000000 159.500000 5003
69.500000 179.500000 5003
85.500000 153.000000 5003
76.000000 175.500000 5003
82.500000 158.500000 5003
73.000000 155.000000 5003
74.500000 175.000000 5003
74.000000 178.000000 5003
120.500000 174.000000 5005
115.000000 166.000000 5004
112.000000 173.000000 5004
106.000000 177.500000 5004
104.500000 155.000000 5004
95.000000 158.500000 5004
95.000000 156.000000 5004
104.500000 157.500000 5004
96.000000 160.500000 5004
95.500000 169.500000 5004
102.000000 152.500000 5004
109.000000 176.000000 5004
116.500000 170.500000 5004
92.500000 170.500000 5004
114.500000 159.500000 5004
92.500000 156.000000 5004
113.500000 153.500000 5004
112.500000 157.500000 5004
105.000000 151.000000 5004
107.000000 167.500000 5004
103.500000 179.500000 5004
107.500000 173.000000 5004
124.000000 178.000000 5005
146.000000 179.000000 5005
143.000000 179.500000 5005
143.000000 179.500000 5005
136.000000 151.000000 5005
135.000000 178.500000 5005
134.500000 179.500000 5005
125.000000 160.000000 5005
124.500000 164.000000 5005
134.500000 178.000000 5005
127.500000 159.000000 5005
127.000000 158.500000 5005
124.000000 168.500000 5005
133.500000 175.500000 5005
144.000000 171.500000 5005
126.000000 163.000000 5005
147.500000 160.500000 5005
123.000000 151.000000 5005
144.500000 177.000000 5005
145.500000 153.000000 5005
135.500000 163.500000 5005
134.500000 155.500000 5005
139.000000 174.000000 5005
128.500000 177.500000 5005
175.500000 161.000000 5006
171.500000 179.500000 5006
164.000000 178.000000 5006
152.000000 158.500000 5006
163.000000 174.500000 5006
153.500000 160.500000 5006
163.500000 151.000000 5006
164.500000 180.000000 6006
155.000000 160.000000 5006
164.500000 163.000000 5006
156.000000 180.000000 6006
175.000000 166.500000 5006
171.000000 170.500000 5006
158.000000 169.500000 5006
172.500000 161.000000 5006
164.000000 179.000000 5006
152.500000 152.500000 5006
152.500000 152.500000 5006
174.000000 160.500000 5006
165.500000 162.500000 5006
167.000000 155.500000 5006
166.000000 168.500000 5006
164.000000 173.000000 5006
154.500000 171.000000 5006
180.000000 156.500000 5007
160.000000 150.500000 5006
189.500000 173.000000 5007
203.500000 170.000000 5007
203.500000 168.500000 5007
194.500000 161.500000 5007
197.000000 164.500000 5007
184.500000 159.500000 5007
186.000000 162.000000 5007
192.500000 172.500000 5007
186.000000 159.000000 5007
206.000000 171.500000 5007
187.000000 163.000000 5007
198.500000 169.000000 5007
203.500000 162.000000 5007
183.500000 154.500000 5007
205.500000 173.500000 5007
196.000000 161.500000 5007
194.500000 178.000000 5007
195.000000 164.000000 5007
193.500000 172.500000 5007
187.500000 172.000000 5007
234.000000 159.000000 5008
233.000000 173.500000 5008
224.500000 172.500000 5008
225.500000 172.000000 5008
214.500000 163.000000 5008
216.000000 160.500000 5008
216.000000 160.500000 5008
223.500000 173.000000 5008
223.500000 173.000000 5008
216.500000 171.000000 5008
232.000000 172.500000 5008
214.000000 161.000000 5008
237.000000 169.500000 5008
234.500000 168.500000 5008
213.000000 154.500000 5008
227.000000 168.000000 5008
224.500000 150.500000 5008
224.000000 178.500000 5008
225.000000 161.000000 5008
224.500000 175.000000 5008
222.000000 157.500000 5008
253.500000 167.000000 5009
262.500000 178.000000 5009
256.000000 155.000000 5009
254.000000 153.000000 5009
254.000000 174.500000 5009
244.000000 160.000000 5009
246.000000 154.500000 5009
248.000000 168.500000 5009
254.000000 155.500000 5009
266.500000 166.000000 5009
264.000000 170.000000 5009
265.500000 174.000000 5009
244.000000 163.500000 5009
243.500000 163.500000 5009
259.000000 169.000000 5009
267.000000 159.500000 5009
251.500000 155.500000 5009
258.000000 174.500000 5009
255.000000 153.500000 5009
244.000000 178.500000 5009
246.000000 163.000000 5009
254.000000 179.500000 5009
245.000000 155.500000 5009
286.500000 170.500000 5010
292.000000 168.500000 5010
284.500000 167.500000 5010
274.500000 161.000000 5010
276.500000 153.500000 5010
276.000000 159.500000 5010
285.500000 178.500000 5010
297.000000 166.500000 5010
295.500000 170.000000 5010
274.000000 170.000000 5010
299.000000 163.500000 5010
292.500000 180.500000 6010
278.000000 155.500000 5010
276.500000 166.000000 5010
289.500000 152.000000 5010
289.000000 180.000000 6010
286.500000 162.500000 5010
273.500000 155.000000 5010
274.500000 156.000000 5010
283.500000 174.500000 5010
283.500000 174.500000 5010
274.500000 165.000000 5010
319.000000 161.500000 5011
314.000000 153.000000 5011
314.000000 155.000000 5011
314.000000 176.500000 5011
322.000000 170.000000 5011
304.000000 156.500000 5011
305.000000 163.500000 5011
305.500000 167.000000 5011
314.000000 177.500000 5011
326.500000 174.500000 5011
327.000000 168.500000 5011
307.500000 171.000000 5011
324.000000 169.500000 5011
307.500000 155.500000 5011
326.000000 173.000000 5011
307.000000 161.000000 5011
315.500000 151.000000 5011
315.000000 179.000000 5011
302.500000 159.500000 5011
315.500000 163.500000 5011
311.000000 161.000000 5011
316.000000 152.500000 5011
304.000000 178.500000 5011
25.500000 183.500000 6001
8.000000 189.000000 6001
16.500000 184.000000 6001
25.500000 191.000000 6001
15.000000 181.000000 6001
16.000000 180.000000 6001
31.500000 192.000000 6002
3.500000 193.500000 6001
5.500000 191.000000 6001
24.500000 189.500000 6001
23.500000 199.500000 6001
26.000000 188.000000 6001
5.500000 183.000000 6001
5.000000 193.000000 6001
14.500000 204.000000 6001
20.500000 207.500000 6001
16.500000 198.500000 6001
52.000000 210.000000 7002
32.500000 202.000000 6002
54.000000 194.500000 6002
55.000000 205.500000 6002
46.000000 181.000000 6002
37.500000 194.000000 6002
44.500000 209.500000 6002
47.000000 189.000000 6002
46.000000 204.500000 6002
34.500000 194.000000 6002
34.500000 194.000000 6002
61.500000 187.000000 6003
39.500000 187.500000 6002
55.500000 204.500000 6002
52.000000 182.000000 6002
54.000000 202.500000 6002
32.500000 181.000000 6002
62.000000 183.500000 6003
33.500000 188.000000 6002
57.000000 194.500000 6002
47.500000 182.500000 6002
55.500000 208.000000 6002
46.500000 205.000000 6002
43.000000 198.000000 6002
46.000000 207.000000 6002
84.500000 187.500000 6003
86.000000 189.500000 6003
76.500000 182.000000 6003
67.000000 198.500000 6003
75.000000 210.000000 7003
74.000000 203.500000 6003
66.500000 185.500000 6003
66.500000 194.000000 6003
63.500000 189.500000 6003
66.000000 205.500000 6003
82.000000 204.500000 6003
88.500000 201.000000 6003
82.000000 188.500000 6003
66.000000 208.500000 6003
85.500000 182.500000 6003
74.500000 205.500000 6003
83.000000 189.500000 6003
76.500000 185.500000 6003
75.000000 204.500000 6003
75.500000 209.500000 6003
117.500000 204.500000 6004
114.000000 196.500000 6004
115.000000 203.000000 6004
104.500000 206.000000 6004
104.500000 185.000000 6004
96.500000 189.000000 6004
97.000000 186.000000 6004
105.500000 186.500000 6004
95.000000 189.500000 6004
96.500000 199.500000 6004
101.500000 181.500000 6004
111.500000 204.500000 6004
114.500000 200.000000 6004
95.000000 200.500000 6004
115.000000 190.500000 6004
95.000000 186.000000 6004
113.000000 183.500000 6004
113.000000 188.500000 6004
105.500000 181.000000 6004
106.000000 198.500000 6004
109.000000 204.500000 6004
104.000000 209.000000 6004
125.500000 207.500000 6005
145.000000 209.500000 6005
146.000000 209.500000 6005
146.000000 209.500000 6005
126.500000 190.500000 6005
126.500000 194.000000 6005
133.000000 209.000000 6005
126.500000 188.000000 6005
126.500000 187.500000 6005
125.000000 198.500000 6005
136.000000 204.000000 6005
142.000000 201.000000 6005
128.500000 193.000000 6005
148.500000 191.000000 6005
146.000000 206.000000 6005
125.500000 181.000000 6005
147.000000 183.500000 6005
136.500000 193.500000 6005
134.000000 183.500000 6005
136.500000 180.500000 6005
142.000000 210.000000 7005
139.500000 203.500000 6005
128.500000 206.500000 6005
176.000000 191.000000 6006
174.500000 209.500000 6006
164.000000 208.000000 6006
153.500000 189.000000 6006
163.000000 204.500000 6006
155.500000 190.500000 6006
154.000000 189.000000 6006
164.000000 192.000000 6006
157.000000 210.000000 7006
169.000000 200.000000 6006
177.500000 195.000000 6006
154.500000 198.500000 6006
173.500000 191.500000 6006
165.500000 208.000000 6006
155.000000 182.500000 6006
155.000000 182.500000 6006
175.500000 191.000000 6006
166.500000 192.500000 6006
166.500000 183.500000 6006
171.500000 198.000000 6006
164.500000 202.500000 6006
156.000000 201.000000 6006
189.000000 203.000000 6007
204.000000 200.000000 6007
206.500000 198.500000 6007
194.000000 200.500000 6007
197.000000 194.500000 6007
186.500000 189.500000 6007
185.500000 188.000000 6007
185.000000 191.000000 6007
191.000000 203.500000 6007
186.000000 181.000000 6007
208.500000 200.000000 6007
200.000000 198.000000 6007
183.500000 192.000000 6007
204.500000 192.500000 6007
186.000000 184.500000 6007
207.000000 204.000000 6007
197.000000 191.500000 6007
196.000000 209.500000 6007
200.500000 193.500000 6007
194.000000 202.000000 6007
187.500000 201.000000 6007
234.500000 181.500000 6008
236.000000 203.500000 6008
224.500000 194.000000 6008
225.500000 202.000000 6008
216.500000 193.000000 6008
215.500000 189.500000 6008
215.000000 189.500000 6008
222.000000 204.000000 6008
222.000000 204.000000 6008
217.500000 201.000000 6008
234.500000 201.000000 6008
216.500000 191.000000 6008
238.500000 198.500000 6008
234.000000 198.500000 6008
234.000000 190.000000 6008
215.500000 184.500000 6008
228.000000 198.000000 6008
230.500000 190.500000 6008
225.000000 204.500000 6008
224.000000 187.500000 6008
254.000000 189.500000 6009
265.500000 208.000000 6009
254.500000 183.500000 6009
255.000000 204.500000 6009
246.000000 190.000000 6009
247.500000 185.000000 6009
247.500000 197.500000 6009
255.000000 184.500000 6009
264.500000 195.500000 6009
267.000000 204.000000 6009
266.500000 198.500000 6009
245.000000 193.500000 6009
260.500000 198.000000 6009
246.000000 193.500000 6009
267.000000 189.000000 6009
253.500000 185.000000 6009
254.500000 181.500000 6009
259.000000 204.500000 6009
246.000000 208.000000 6009
251.500000 192.500000 6009
255.000000 209.500000 6009
244.500000 184.500000 6009
285.000000 199.000000 6010
295.000000 198.500000 6010
285.500000 197.500000 6010
276.500000 191.000000 6010
274.500000 182.000000 6010
275.500000 188.500000 6010
284.000000 209.500000 6010
295.000000 196.000000 6010
298.000000 198.500000 6010
275.000000 200.000000 6010
300.500000 192.500000 6011
292.500000 210.000000 7010
280.000000 185.000000 6010
273.000000 195.000000 6010
287.500000 192.500000 6010
276.000000 185.000000 6010
280.000000 185.500000 6010
282.500000 204.500000 6010
282.500000 204.500000 6010
273.500000 196.500000 6010
324.000000 195.000000 6011
319.500000 184.000000 6011
315.500000 184.000000 6011
315.000000 206.500000 6011
325.000000 200.000000 6011
306.000000 186.500000 6011
303.500000 194.500000 6011
304.500000 196.000000 6011
312.500000 208.500000 6011
324.500000 204.000000 6011
329.500000 197.000000 6011
308.500000 200.500000 6011
325.500000 198.500000 6011
326.000000 202.500000 6011
303.500000 190.000000 6011
305.000000 189.500000 6011
314.500000 193.500000 6011
307.000000 191.000000 6011
315.000000 182.500000 6011
305.500000 207.500000 6011
3.500000 220.500000 7001
24.500000 214.000000 7001
6.500000 218.500000 7001
15.000000 212.500000 7001
26.500000 222.000000 7001
15.000000 211.000000 7001
14.500000 211.000000 7001
4.500000 223.000000 7001
6.000000 221.000000 7001
25.000000 220.500000 7001
25.000000 229.500000 7001
25.500000 218.000000 7001
7.500000 212.500000 7001
25.000000 210.500000 7001
6.000000 222.500000 7001
25.500000 240.500000 8001
15.000000 234.500000 7001
20.500000 238.500000 7001
22.000000 228.000000 7001
54.000000 240.000000 8002
34.500000 232.000000 7002
54.000000 224.500000 7002
54.500000 233.500000 7002
36.000000 223.500000 7002
47.000000 219.000000 7002
45.000000 235.000000 7002
32.000000 222.000000 7002
35.500000 223.500000 7002
35.500000 223.500000 7002
60.000000 218.000000 7003
38.000000 218.500000 7002
55.500000 236.500000 7002
52.500000 213.000000 7002
55.500000 232.500000 7002
35.000000 211.000000 7002
33.500000 218.000000 7002
56.500000 224.500000 7002
46.000000 212.500000 7002
55.500000 238.000000 7002
45.500000 236.000000 7002
43.500000 228.500000 7002
43.500000 236.500000 7002
84.500000 217.500000 7003
85.500000 221.000000 7003
75.000000 210.500000 7003
65.500000 228.000000 7003
75.000000 232.500000 7003
65.500000 215.500000 7003
66.000000 224.000000 7003
64.000000 219.500000 7003
67.000000 235.000000 7003
82.000000 236.500000 7003
90.000000 231.000000 7004
82.500000 219.500000 7003
91.500000 229.500000 7004
64.500000 213.500000 7003
66.000000 238.500000 7003
85.000000 212.500000 7003
75.000000 235.500000 7003
84.500000 218.500000 7003
75.500000 216.500000 7003
75.500000 235.000000 7003
73.000000 239.000000 7003
119.500000 234.500000 7004
114.000000 226.500000 7004
114.500000 234.500000 7004
104.500000 237.000000 7004
104.000000 224.000000 7004
95.000000 218.500000 7004
96.000000 216.000000 7004
104.000000 217.500000 7004
95.500000 219.500000 7004
100.000000 212.500000 7004
97.500000 229.000000 7004
111.500000 236.500000 7004
116.000000 230.000000 7004
116.000000 221.000000 7004
97.000000 215.500000 7004
114.500000 217.500000 7004
114.500000 214.000000 7004
106.500000 211.000000 7004
111.500000 228.000000 7004
106.500000 234.000000 7004
104.500000 239.500000 7004
122.500000 238.000000 7005
145.000000 239.500000 7005
134.500000 217.500000 7005
134.500000 239.000000 7005
134.500000 210.500000 7005
125.000000 220.000000 7005
125.500000 224.000000 7005
135.000000 238.500000 7005
127.000000 218.000000 7005
125.000000 218.500000 7005
126.000000 228.000000 7005
143.500000 231.000000 7005
136.000000 236.000000 7005
125.000000 222.000000 7005
148.000000 220.500000 7005
146.000000 236.000000 7005
127.500000 210.500000 7005
145.500000 213.000000 7005
135.500000 223.500000 7005
135.500000 215.000000 7005
142.500000 240.000000 8005
140.000000 234.000000 7005
175.000000 221.500000 7006
152.000000 218.500000 7006
164.500000 235.000000 7006
154.500000 220.500000 7006
163.000000 211.000000 7006
162.500000 223.000000 7006
154.500000 219.000000 7006
158.000000 239.500000 7006
170.500000 230.000000 7006
177.500000 227.000000 7006
154.500000 228.500000 7006
165.500000 238.000000 7006
173.000000 221.000000 7006
157.000000 212.000000 7006
157.000000 212.000000 7006
174.000000 220.500000 7006
165.500000 222.500000 7006
168.000000 215.000000 7006
172.000000 228.000000 7006
165.000000 233.000000 7006
156.000000 230.000000 7006
194.000000 229.500000 7007
190.500000 232.500000 7007
203.000000 230.500000 7007
206.000000 230.000000 7007
194.000000 222.000000 7007
198.500000 225.000000 7007
188.000000 217.500000 7007
185.500000 219.500000 7007
184.000000 219.000000 7007
185.500000 221.000000 7007
193.000000 233.000000 7007
187.000000 211.000000 7007
188.000000 240.500000 8007
208.500000 232.000000 7007
200.000000 228.000000 7007
183.500000 222.000000 7007
204.000000 222.000000 7007
188.000000 214.000000 7007
205.500000 233.500000 7007
196.000000 221.500000 7007
193.500000 239.000000 7007
194.500000 232.500000 7007
187.500000 231.500000 7007
213.500000 213.000000 7008
235.000000 211.500000 7008
235.500000 235.000000 7008
225.500000 224.000000 7008
227.000000 232.500000 7008
215.500000 223.000000 7008
214.000000 220.500000 7008
215.500000 219.500000 7008
224.000000 233.500000 7008
224.000000 233.500000 7008
218.500000 230.500000 7008
234.500000 233.000000 7008
238.500000 228.500000 7008
213.000000 220.000000 7008
235.500000 229.000000 7008
233.500000 219.500000 7008
225.500000 210.000000 7008
217.500000 214.000000 7008
223.000000 239.500000 7008
227.000000 228.000000 7008
225.500000 235.000000 7008
222.500000 217.500000 7008
254.500000 219.500000 7009
265.000000 239.500000 7009
254.500000 214.500000 7009
254.500000 233.000000 7009
245.000000 220.000000 7009
245.500000 213.500000 7009
246.000000 228.500000 7009
253.500000 215.500000 7009
266.000000 225.500000 7009
266.500000 233.500000 7009
266.500000 230.500000 7009
246.000000 223.000000 7009
260.500000 228.000000 7009
242.500000 222.500000 7009
251.500000 215.000000 7009
266.500000 219.000000 7009
256.000000 213.000000 7009
258.000000 234.500000 7009
263.000000 223.000000 7009
245.500000 240.000000 8009
252.000000 222.500000 7009
254.000000 239.500000 7009
243.500000 216.000000 7009
285.000000 230.000000 7010
285.000000 226.000000 7010
294.500000 230.000000 7010
275.500000 221.000000 7010
275.000000 213.000000 7010
274.000000 219.500000 7010
286.000000 239.000000 7010
296.500000 226.000000 7010
298.000000 230.500000 7010
276.000000 229.500000 7010
300.500000 222.500000 7011
278.000000 215.000000 7010
292.000000 240.000000 8010
273.000000 225.000000 7010
290.500000 211.500000 7010
286.500000 222.500000 7010
278.000000 214.500000 7010
280.500000 215.500000 7010
283.000000 234.000000 7010
283.000000 234.000000 7010
324.500000 217.500000 7011
320.000000 214.000000 7011
314.000000 212.500000 7011
314.500000 235.000000 7011
324.500000 231.500000 7011
305.000000 216.500000 7011
306.000000 225.000000 7011
305.000000 226.000000 7011
326.000000 234.000000 7011
314.500000 238.000000 7011
329.500000 229.000000 7011
310.000000 230.500000 7011
325.500000 228.500000 7011
307.500000 215.000000 7011
325.500000 232.500000 7011
316.500000 210.500000 7011
314.000000 240.000000 8011
303.500000 220.000000 7011
307.000000 219.000000 7011
314.500000 224.500000 7011
309.000000 221.000000 7011
315.500000 212.000000 7011
24.500000 244.000000 8001
10.000000 248.500000 8001
15.000000 243.500000 8001
25.500000 252.000000 8001
14.500000 250.000000 8001
16.500000 240.500000 8001
32.500000 253.000000 8002
6.000000 253.000000 8001
6.500000 252.000000 8001
26.000000 251.000000 8001
24.500000 259.000000 8001
27.000000 248.500000 8001
7.000000 244.500000 8001
8.500000 255.000000 8001
26.500000 270.500000 9001
14.000000 264.500000 8001
20.500000 268.000000 8001
22.500000 258.000000 8001
32.500000 262.500000 8002
54.500000 254.000000 8002
55.500000 264.500000 8002
44.500000 240.500000 8002
39.500000 253.500000 8002
46.500000 258.000000 8002
46.000000 264.000000 8002
37.000000 253.500000 8002
37.000000 253.500000 8002
62.500000 248.500000 8003
40.500000 249.000000 8002
53.000000 265.000000 8002
53.500000 243.500000 8002
55.000000 262.000000 8002
37.000000 240.500000 8002
34.500000 247.500000 8002
58.000000 255.000000 8002
46.500000 242.500000 8002
55.000000 268.000000 8002
51.000000 265.500000 8002
42.500000 258.500000 8002
45.000000 266.500000 8002
85.000000 247.000000 8003
85.000000 249.000000 8003
75.000000 241.500000 8003
74.500000 249.000000 8003
74.500000 270.500000 9003
69.000000 258.000000 8003
73.500000 263.500000 8003
65.000000 245.500000 8003
66.000000 254.500000 8003
64.500000 250.500000 8003
68.500000 265.000000 8003
79.500000 265.000000 8003
89.500000 260.500000 8003
83.500000 250.000000 8003
91.500000 259.500000 8004
66.500000 243.000000 8003
67.000000 268.000000 8003
86.500000 243.000000 8003
76.000000 265.500000 8003
84.500000 248.500000 8003
81.000000 246.000000 8003
74.500000 265.000000 8003
74.500000 269.000000 8003
117.500000 265.000000 8004
114.500000 256.000000 8004
114.000000 262.500000 8004
104.500000 267.000000 8004
104.000000 245.500000 8004
98.500000 248.500000 8004
95.500000 246.000000 8004
106.000000 247.000000 8004
96.000000 250.500000 8004
102.500000 243.000000 8004
99.000000 259.000000 8004
109.000000 265.000000 8004
115.500000 259.500000 8004
115.500000 250.500000 8004
114.500000 247.500000 8004
96.500000 247.500000 8004
113.000000 243.500000 8004
105.500000 241.000000 8004
108.000000 264.000000 8004
112.000000 258.000000 8004
103.500000 269.500000 8004
124.500000 268.000000 8005
145.500000 269.000000 8005
145.500000 241.000000 8005
145.500000 241.000000 8005
145.000000 269.000000 8005
145.000000 269.000000 8005
135.500000 269.000000 8005
134.500000 240.500000 8005
128.500000 250.000000 8005
125.000000 254.000000 8005
134.500000 268.000000 8005
127.500000 249.000000 8005
127.500000 249.000000 8005
127.500000 258.000000 8005
143.000000 260.500000 8005
133.500000 264.500000 8005
125.000000 252.000000 8005
148.500000 250.500000 8005
145.500000 266.000000 8005
127.000000 242.500000 8005
146.500000 244.000000 8005
135.500000 254.500000 8005
133.000000 244.500000 8005
138.500000 270.000000 9005
139.000000 264.000000 8005
175.000000 251.500000 8006
174.000000 241.000000 8006
173.500000 269.000000 8006
163.500000 247.000000 8006
163.500000 268.500000 8006
155.500000 248.500000 8006
162.500000 263.500000 8006
154.000000 250.500000 8006
165.000000 253.500000 8006
165.000000 240.500000 8006
164.500000 270.000000 9006
155.000000 250.000000 8006
159.500000 269.500000 8006
170.000000 259.500000 8006
175.000000 255.500000 8006
165.000000 268.000000 8006
155.500000 258.000000 8006
173.500000 251.000000 8006
156.500000 244.000000 8006
156.500000 244.000000 8006
175.000000 251.500000 8006
165.500000 244.500000 8006
165.500000 253.500000 8006
168.000000 258.000000 8006
164.000000 263.000000 8006
156.000000 260.500000 8006
195.500000 259.000000 8007
187.500000 263.000000 8007
203.000000 260.500000 8007
205.500000 258.000000 8007
195.000000 252.000000 8007
196.500000 253.500000 8007
191.500000 247.500000 8007
185.000000 249.500000 8007
186.500000 249.500000 8007
186.000000 252.000000 8007
192.500000 262.500000 8007
206.000000 260.500000 8007
199.500000 258.000000 8007
184.500000 251.500000 8007
204.500000 252.000000 8007
187.500000 246.000000 8007
206.500000 264.500000 8007
195.000000 269.000000 8007
196.000000 252.500000 8007
197.000000 253.500000 8007
187.000000 260.500000 8007
193.500000 262.500000 8007
215.000000 242.500000 8008
234.000000 242.000000 8008
235.000000 263.000000 8008
225.000000 252.500000 8008
225.000000 261.000000 8008
219.500000 248.000000 8008
215.000000 253.000000 8008
216.500000 251.000000 8008
216.000000 250.500000 8008
223.500000 263.000000 8008
223.500000 263.000000 8008
220.000000 260.500000 8008
232.000000 261.500000 8008
238.000000 258.500000 8008
213.000000 250.000000 8008
234.000000 258.500000 8008
234.000000 249.500000 8008
224.500000 269.500000 8008
217.000000 246.000000 8008
227.000000 259.000000 8008
227.000000 250.500000 8008
224.500000 265.000000 8008
253.500000 250.000000 8009
264.500000 267.500000 8009
254.000000 264.000000 8009
254.500000 244.500000 8009
244.500000 250.000000 8009
246.000000 244.500000 8009
248.500000 259.000000 8009
255.500000 245.000000 8009
265.500000 255.000000 8009
268.000000 263.500000 8009
264.000000 259.000000 8009
247.500000 253.000000 8009
260.000000 258.000000 8009
242.500000 252.500000 8009
255.000000 245.500000 8009
268.000000 249.500000 8009
253.500000 242.500000 8009
263.500000 253.000000 8009
258.000000 265.500000 8009
250.000000 268.000000 8009
248.000000 252.500000 8009
254.500000 269.000000 8009
284.500000 257.000000 8010
285.000000 260.000000 8010
294.000000 258.000000 8010
275.000000 251.000000 8010
276.500000 250.000000 8010
274.000000 242.000000 8010
285.500000 268.500000 8010
296.000000 255.500000 8010
295.500000 259.000000 8010
277.500000 259.500000 8010
300.000000 252.500000 8011
281.500000 245.500000 8010
293.500000 270.500000 9010
288.000000 241.000000 8010
274.000000 254.500000 8010
286.500000 253.500000 8010
294.500000 246.500000 8010
277.500000 246.500000 8010
276.500000 245.500000 8010
283.500000 264.500000 8010
283.500000 264.500000 8010
325.000000 247.500000 8011
319.000000 244.500000 8011
314.000000 243.500000 8011
314.000000 266.000000 8011
324.000000 259.500000 8011
304.500000 246.500000 8011
304.500000 254.000000 8011
305.500000 257.000000 8011
325.500000 263.500000 8011
314.000000 267.500000 8011
327.000000 257.500000 8011
325.000000 258.500000 8011
312.000000 260.000000 8011
311.000000 245.500000 8011
327.000000 263.000000 8011
315.500000 270.000000 9011
304.500000 249.500000 8011
306.500000 251.000000 8011
314.500000 254.000000 8011
307.500000 251.000000 8011
4.000000 280.000000 9001
25.000000 273.500000 9001
10.000000 278.000000 9001
15.000000 273.500000 9001
14.500000 271.500000 9001
24.500000 282.500000 9001
16.000000 270.000000 9001
32.500000 282.500000 9002
8.000000 282.500000 9001
6.500000 281.500000 9001
25.500000 280.500000 9001
26.000000 289.000000 9001
25.500000 278.000000 9001
11.500000 272.500000 9001
25.500000 300.500000 10001
15.000000 295.000000 9001
19.000000 297.500000 9001
18.500000 288.000000 9001
52.000000 270.500000 9002
54.500000 299.500000 9002
35.000000 291.500000 9002
56.000000 285.000000 9002
54.500000 294.500000 9002
44.500000 270.500000 9002
39.500000 283.000000 9002
46.500000 279.500000 9002
44.500000 295.000000 9002
61.000000 277.500000 9003
39.000000 283.000000 9002
39.000000 283.000000 9002
39.000000 278.000000 9002
55.500000 296.000000 9002
53.000000 273.000000 9002
56.500000 292.000000 9002
36.500000 272.500000 9002
56.500000 284.500000 9002
37.000000 280.000000 9002
47.500000 272.500000 9002
54.500000 298.500000 9002
51.500000 295.500000 9002
43.500000 289.000000 9002
43.000000 297.000000 9002
86.500000 278.000000 9003
86.000000 280.000000 9003
75.000000 271.500000 9003
75.500000 300.500000 10003
69.000000 287.500000 9003
75.500000 293.000000 9003
65.000000 276.000000 9003
65.500000 284.000000 9003
64.500000 280.000000 9003
70.500000 294.500000 9003
91.000000 290.500000 9004
82.000000 296.000000 9003
83.000000 279.500000 9003
66.000000 275.000000 9003
85.000000 272.500000 9003
84.000000 278.500000 9003
75.000000 295.500000 9003
81.500000 276.000000 9003
72.500000 299.500000 9003
75.500000 295.500000 9003
120.000000 294.000000 9005
116.000000 287.000000 9004
115.000000 293.500000 9004
105.000000 275.500000 9004
106.000000 297.500000 9004
98.500000 278.000000 9004
95.500000 276.500000 9004
105.500000 276.500000 9004
101.000000 272.000000 9004
96.000000 280.000000 9004
101.000000 288.500000 9004
117.000000 289.500000 9004
111.500000 296.000000 9004
116.000000 280.500000 9004
92.500000 289.000000 9004
114.000000 277.500000 9004
101.000000 275.500000 9004
114.000000 274.500000 9004
105.500000 272.000000 9004
106.000000 294.500000 9004
108.000000 288.000000 9004
104.500000 300.000000 10004
122.500000 298.500000 9005
147.000000 300.000000 10005
146.000000 300.000000 10005
146.000000 300.000000 10005
135.000000 297.500000 9005
136.000000 271.000000 9005
134.000000 299.500000 9005
128.500000 279.500000 9005
125.000000 284.500000 9005
126.000000 278.000000 9005
132.500000 299.000000 9005
127.500000 278.500000 9005
129.500000 287.500000 9005
144.500000 290.500000 9005
136.000000 295.500000 9005
126.000000 281.500000 9005
145.000000 296.500000 9005
149.500000 280.500000 9005
131.500000 270.500000 9005
134.500000 274.500000 9005
135.500000 284.000000 9005
140.500000 300.000000 10005
140.000000 294.500000 9005
175.500000 281.000000 9006
164.500000 298.500000 9006
155.500000 278.000000 9006
163.000000 294.500000 9006
154.000000 281.000000 9006
163.500000 282.500000 9006
155.000000 279.500000 9006
161.500000 299.000000 9006
171.500000 289.500000 9006
177.500000 286.500000 9006
164.500000 298.500000 9006
158.000000 290.500000 9006
174.500000 281.000000 9006
161.000000 272.000000 9006
161.000000 272.000000 9006
167.000000 274.500000 9006
165.500000 283.000000 9006
170.000000 288.000000 9006
155.500000 289.500000 9006
165.000000 293.500000 9006
192.500000 289.500000 9007
189.500000 293.000000 9007
203.500000 290.000000 9007
194.500000 280.500000 9007
206.500000 289.000000 9007
191.500000 277.000000 9007
197.000000 284.500000 9007
185.000000 280.000000 9007
185.000000 278.500000 9007
186.000000 281.500000 9007
190.500000 293.500000 9007
189.500000 270.500000 9007
208.500000 291.500000 9007
199.000000 288.500000 9007
187.000000 284.000000 9007
205.500000 282.000000 9007
192.000000 274.000000 9007
193.000000 299.500000 9007
196.000000 282.000000 9007
199.000000 283.500000 9007
186.000000 292.000000 9007
212.000000 273.000000 9008
234.000000 272.000000 9008
236.000000 294.000000 9008
224.500000 283.500000 9008
225.500000 292.000000 9008
219.500000 277.500000 9008
215.000000 283.500000 9008
215.000000 280.000000 9008
216.000000 280.000000 9008
221.500000 294.000000 9008
221.500000 294.000000 9008
222.000000 290.000000 9008
234.500000 292.500000 9008
237.500000 289.000000 9008
214.000000 279.500000 9008
235.000000 289.500000 9008
235.000000 279.500000 9008
221.500000 274.000000 9008
227.000000 288.500000 9008
229.000000 280.500000 9008
243.000000 285.000000 9009
253.500000 280.000000 9009
265.500000 298.500000 9009
256.000000 294.000000 9009
256.000000 275.000000 9009
244.500000 280.500000 9009
250.000000 275.000000 9009
245.000000 273.500000 9009
247.000000 288.000000 9009
255.000000 274.500000 9009
267.000000 285.000000 9009
264.500000 293.500000 9009
266.500000 290.000000 9009
249.500000 282.500000 9009
259.500000 288.500000 9009
254.000000 276.500000 9009
243.500000 282.000000 9009
266.500000 279.000000 9009
255.000000 272.500000 9009
264.500000 283.000000 9009
258.000000 295.000000 9009
252.500000 298.500000 9009
250.000000 282.500000 9009
255.000000 299.500000 9009
286.500000 287.000000 9010
286.500000 290.500000 9010
295.000000 289.000000 9010
275.000000 281.500000 9010
275.000000 279.000000 9010
274.500000 272.000000 9010
283.500000 299.500000 9010
297.500000 285.500000 9010
298.000000 290.000000 9010
279.500000 289.000000 9010
299.500000 283.000000 9010
280.500000 276.500000 9010
292.000000 300.000000 10010
289.500000 271.000000 9010
276.500000 287.000000 9010
286.500000 283.000000 9010
295.500000 276.500000 9010
282.000000 274.500000 9010
278.500000 275.500000 9010
324.000000 278.000000 9011
319.000000 274.500000 9011
314.000000 273.500000 9011
316.000000 296.000000 9011
325.000000 290.500000 9011
304.500000 277.000000 9011
304.000000 283.500000 9011
305.500000 286.500000 9011
327.000000 293.500000 9011
312.000000 298.500000 9011
329.500000 288.500000 9011
324.500000 289.000000 9011
313.000000 290.500000 9011
310.000000 276.500000 9011
325.500000 292.500000 9011
307.000000 282.000000 9011
326.000000 280.000000 9011
311.000000 279.000000 9011
313.000000 283.500000 9011
306.500000 281.000000 9011
26.500000 304.500000 10001
8.000000 306.500000 10001
16.500000 304.000000 10001
15.500000 301.500000 10001
15.000000 330.000000 11001
25.500000 311.500000 10001
14.000000 301.000000 10001
9.000000 313.000000 10001
7.000000 311.500000 10001
26.000000 310.500000 10001
22.500000 319.000000 10001
26.500000 309.000000 10001
14.000000 303.000000 10001
14.500000 324.500000 10001
19.500000 327.500000 10001
52.000000 329.500000 10002
32.500000 321.500000 10002
54.500000 313.500000 10002
53.500000 325.000000 10002
46.000000 301.000000 10002
47.500000 309.500000 10002
37.500000 311.500000 10002
44.000000 329.500000 10002
46.500000 324.500000 10002
60.500000 307.000000 10003
33.000000 312.500000 10002
38.500000 307.500000 10002
40.000000 313.500000 10002
40.000000 313.500000 10002
53.000000 322.000000 10002
54.000000 326.000000 10002
53.500000 303.000000 10002
41.000000 300.500000 10002
35.500000 308.500000 10002
57.500000 315.500000 10002
46.500000 302.500000 10002
54.500000 328.500000 10002
47.500000 325.500000 10002
44.500000 327.000000 10002
85.000000 306.500000 10003
85.000000 310.000000 10003
76.500000 302.000000 10003
75.000000 329.000000 10003
67.000000 316.000000 10003
82.500000 327.500000 10003
75.000000 322.500000 10003
64.500000 305.500000 10003
66.500000 314.500000 10003
65.000000 310.000000 10003
71.500000 325.000000 10003
87.500000 320.500000 10003
80.500000 326.000000 10003
83.500000 309.500000 10003
69.500000 300.500000 10003
70.500000 303.000000 10003
68.000000 329.000000 10003
83.500000 309.000000 10003
86.000000 303.500000 10003
75.000000 326.500000 10003
77.500000 306.000000 10003
74.000000 329.500000 10003
117.500000 324.000000 10004
114.500000 315.500000 10004
114.000000 323.500000 10004
104.500000 304.000000 10004
104.000000 326.000000 10004
96.500000 306.500000 10004
112.500000 329.000000 10004
95.000000 306.000000 10004
103.500000 307.500000 10004
100.500000 301.500000 10004
96.500000 310.000000 10004
102.000000 319.000000 10004
113.500000 319.500000 10004
110.000000 326.000000 10004
117.000000 310.500000 10004
95.000000 321.500000 10004
113.500000 308.000000 10004
103.500000 306.000000 10004
105.500000 301.500000 10004
107.500000 324.500000 10004
110.000000 318.000000 10004
104.000000 329.500000 10004
125.000000 327.500000 10005
145.500000 328.500000 10005
145.000000 330.000000 11005
145.000000 330.000000 11005
134.500000 328.500000 10005
126.500000 308.000000 10005
139.500000 327.500000 10005
124.500000 314.000000 10005
125.500000 307.500000 10005
134.500000 328.500000 10005
128.000000 308.500000 10005
130.500000 318.000000 10005
141.000000 320.500000 10005
134.500000 325.500000 10005
128.500000 314.000000 10005
145.000000 326.500000 10005
148.500000 310.500000 10005
134.000000 301.000000 10005
132.500000 305.000000 10005
134.000000 313.500000 10005
139.000000 330.000000 11005
177.000000 312.000000 10006
174.500000 300.000000 10006
164.000000 327.000000 10006
173.500000 330.000000 11006
153.500000 306.500000 10006
162.000000 323.500000 10006
175.500000 326.500000 10006
153.500000 310.500000 10006
163.000000 312.000000 10006
162.500000 301.000000 10006
155.500000 309.500000 10006
162.500000 329.500000 10006
168.000000 319.500000 10006
176.000000 316.500000 10006
164.500000 328.500000 10006
156.500000 319.000000 10006
173.500000 311.000000 10006
163.500000 302.500000 10006
163.500000 302.500000 10006
165.000000 305.000000 10006
164.000000 312.500000 10006
168.500000 318.000000 10006
194.500000 319.500000 10007
187.500000 323.500000 10007
205.000000 321.000000 10007
194.000000 311.500000 10007
205.500000 319.000000 10007
189.500000 305.500000 10007
196.000000 313.500000 10007
203.500000 327.000000 10007
184.500000 309.500000 10007
184.500000 308.000000 10007
186.500000 311.500000 10007
192.500000 323.000000 10007
191.500000 300.000000 10007
207.000000 321.500000 10007
199.000000 318.500000 10007
185.500000 312.500000 10007
204.500000 312.000000 10007
194.500000 304.500000 10007
194.500000 329.500000 10007
194.500000 311.500000 10007
197.500000 313.500000 10007
214.000000 303.000000 10008
234.500000 301.500000 10008
226.500000 313.500000 10008
235.000000 324.000000 10008
224.500000 321.000000 10008
217.500000 306.000000 10008
214.500000 313.000000 10008
234.000000 324.500000 10008
214.500000 309.500000 10008
216.500000 310.000000 10008
223.500000 323.500000 10008
223.500000 323.500000 10008
223.000000 320.500000 10008
233.000000 322.500000 10008
237.500000 319.000000 10008
216.500000 312.000000 10008
235.000000 318.000000 10008
222.500000 300.000000 10008
234.000000 309.500000 10008
224.000000 304.500000 10008
225.500000 318.000000 10008
227.500000 310.500000 10008
245.000000 315.000000 10009
254.000000 309.500000 10009
264.500000 328.500000 10009
255.000000 324.000000 10009
254.000000 303.500000 10009
244.000000 310.000000 10009
248.000000 303.500000 10009
245.500000 303.500000 10009
265.000000 328.000000 10009
246.500000 317.500000 10009
253.000000 305.500000 10009
263.500000 315.000000 10009
264.000000 323.500000 10009
265.000000 320.000000 10009
250.500000 313.000000 10009
259.500000 318.500000 10009
259.500000 306.000000 10009
246.000000 314.500000 10009
267.500000 310.000000 10009
253.000000 303.000000 10009
263.500000 313.000000 10009
256.500000 324.500000 10009
248.500000 312.500000 10009
254.000000 329.500000 10009
275.500000 326.500000 10010
285.500000 317.000000 10010
284.500000 319.000000 10010
294.000000 319.000000 10010
274.500000 311.000000 10010
279.000000 307.000000 10010
274.500000 308.500000 10010
275.000000 303.000000 10010
294.000000 315.500000 10010
285.500000 329.000000 10010
296.500000 320.000000 10010
280.500000 319.500000 10010
299.500000 313.000000 10010
286.000000 306.000000 10010
287.500000 301.500000 10010
275.000000 315.500000 10010
285.000000 312.500000 10010
294.500000 306.500000 10010
284.500000 305.000000 10010
277.000000 305.500000 10010
324.000000 308.000000 10011
319.500000 304.000000 10011
315.500000 304.000000 10011
315.000000 326.000000 10011
324.000000 320.500000 10011
304.000000 306.500000 10011
305.000000 315.500000 10011
306.000000 316.500000 10011
323.500000 323.500000 10011
314.000000 328.000000 10011
328.000000 318.500000 10011
324.500000 319.000000 10011
315.000000 320.500000 10011
315.500000 306.000000 10011
313.500000 300.500000 10011
326.500000 323.500000 10011
305.500000 310.500000 10011
325.000000 310.000000 10011
313.500000 309.500000 10011
304.000000 311.000000 10011
