101 
101 
101 
101 
101 
101 
101 
101 
101 
101 
101 
101 
101 
101 
101 
101 
101 
101 
101 
101 
126 
126 
126 
126 
126 
126 
126 
126 
126 
126 
126 
126 
126 
126 
126 
126 
126 
126 
126 
126 
151 
151 
151 
151 
151 
151 
151 
151 
151 
151 
151 
151 
151 
151 
151 
151 
151 
151 
151 
151 
176 
176 
176 
176 
176 
176 
176 
176 
176 
176 
176 
176 
176 
176 
176 
176 
176 
176 
176 
176 
201 
201 
201 
201 
201 
201 
201 
201 
201 
201 
201 
201 
201 
201 
201 
201 
201 
201 
201 
201 
226 
226 
226 
226 
226 
226 
226 
226 
226 
226 
226 
226 
226 
226 
226 
226 
226 
226 
226 
226 
251 
251 
251 
251 
251 
251 
251 
251 
251 
251 
251 
251 
251 
251 
251 
251 
251 
251 
251 
251 
276 
276 
276 
276 
276 
276 
276 
276 
276 
276 
276 
276 
276 
276 
276 
276 
276 
276 
276 
276 
301 
301 
301 
301 
301 
301 
301 
301 
301 
301 
301 
301 
301 
301 
301 
301 
301 
301 
301 
301 
326 
326 
326 
326 
326 
326 
326 
326 
326 
326 
326 
326 
326 
326 
326 
326 
326 
326 
326 
326 
351 
351 
351 
351 
351 
351 
351 
351 
351 
351 
351 
351 
351 
351 
351 
351 
351 
351 
351 
351 
376 
376 
376 
376 
376 
376 
376 
376 
376 
376 
376 
376 
376 
376 
376 
376 
376 
376 
376 
376 
401 
401 
401 
401 
401 
401 
401 
401 
401 
401 
401 
401 
401 
401 
401 
401 
401 
401 
401 
401 
426 
426 
426 
426 
426 
426 
426 
426 
426 
426 
426 
426 
426 
426 
426 
426 
426 
426 
426 
426 
451 
451 
451 
451 
451 
451 
451 
451 
451 
451 
451 
451 
451 
451 
451 
451 
451 
451 
451 
451 
476 
476 
476 
476 
476 
476 
476 
476 
476 
476 
476 
476 
476 
476 
476 
476 
476 
476 
476 
476 
501 
501 
501 
501 
501 
501 
501 
501 
501 
501 
501 
501 
501 
501 
501 
501 
501 
501 
501 
501 
526 
526 
526 
526 
526 
526 
526 
526 
526 
526 
526 
526 
526 
526 
526 
526 
526 
526 
526 
526 
551 
551 
551 
551 
551 
551 
551 
551 
551 
551 
551 
551 
551 
551 
551 
551 
551 
551 
551 
551 
576 
576 
576 
576 
576 
576 
576 
576 
576 
576 
576 
576 
576 
576 
576 
576 
576 
576 
576 
576 
