#! /bin/sh
# shell for EOM migration for misscn1.su
# May 27 -2001
# Daniel Trad - UBC

set -x

accept=4378,4413,4448,4483,4518,4553,4588,4623,4658,4693,4728,4763,4798,4833,4868,4903,4938,4973,5008,5043,5078,5113,5148,5183,5218,5253,5288,5323,5358,5393,5428,5463,5498,5533,5568,5603,5638,5673,5708,5743,5778,5813,5848,5883,5918,5953,5988,6023,6058,6093,6128,6163,6198,6233,6268,6303,6338,6373,6408,6443,6478,6513,6548,6583,6618,6653,6688,6723,6758,6793,6828,6863,6898,6933,6968,7003,7038,7073,7108,7143,7178,7213,7248,7283,7318,7353,7388,7423,7458,7493,7528,7563,7598,7633,7668,7703,7738,7773,7808,7843,7878,7913,7948,7983,8018,8053,8088,8123,8158,8193,8228,8263,8298,8333,8368,8403,8438,8473,8508,8543,8578,8613,8648,8683,8718,8753,8788,8823,8858,8893,8928,8963,8998,9033,9068,9103,9138,9173,9208,9243,9278,9313,9348,9383,9418,9453,9488,9523,9558,9593,9628,9663,9698,9733,9768,9803,9838,9873,9908,9943,9978,10013,10048,10083,10118,10153,10188,10223,10258,10293,10328,10363,10398,10433,10468,10503,10538,10573,10608,10643,10678,10713,10748,10783,10818,10853,10888,10923,10958,10993,11028,11063,11098,11133,11168,11203,11238,11273,11308,11343,11378,11413,11448,11483,11518,11553,11588,11623,11658,11693,11728,11763,11798,11833,11868,11903,11938,11973,12008,12043,12078,12113,12148,12183,12218,12253,12288,12323,12358,12393,12428,12463,12498,12533,12568,12603,12638,12673,12708,12743,12778,12813,12848,12883,12918,12953,12988,13023,13058,13093,13128

suwind < misscn_test.su key=sx max=0 accept=$accept > misscn_red.su






